1.000000000 0.000000000 0.000000000 0.000000000 0.000000000 1.000000000 0.000000000 0.000000000 0.000000000 0.000000000 1.000000000 0.000000000
0.999978662 0.000473437 -0.006517372 -0.007675731 -0.000470834 0.999999821 0.000400926 -0.001250417 0.006517560 -0.000397848 0.999978662 0.092561908
0.999905407 0.001004761 -0.013715419 -0.015486918 -0.001002318 0.999999464 0.000184971 -0.001675947 0.013715598 -0.000171206 0.999905944 0.189023450
0.999772727 0.001345074 -0.021277077 -0.027253039 -0.001355580 0.999998987 -0.000479372 -0.001802989 0.021276411 0.000508105 0.999773502 0.286283880
0.999540865 0.001761075 -0.030247802 -0.044017509 -0.001818740 0.999996603 -0.001879001 -0.003108316 0.030244390 0.001933151 0.999540687 0.390300840
0.999124169 0.001923257 -0.041799273 -0.060664356 -0.002066023 0.999992192 -0.003372570 -0.004768650 0.041792460 0.003455975 0.999120355 0.501877129
0.998478055 0.001903609 -0.055118069 -0.085808605 -0.002131680 0.999989390 -0.004079379 -0.006111649 0.055109721 0.004190665 0.998471498 0.629066825
0.997426808 0.001943379 -0.071665868 -0.110718757 -0.002262606 0.999987900 -0.004373461 -0.004038803 0.071656503 0.004524359 0.997419119 0.766390562
0.995923758 0.000601485 -0.090197369 -0.140731260 -0.000992936 0.999990284 -0.004295127 -0.006705331 0.090193912 0.004367180 0.995914638 0.915411770
0.993928909 -0.000330106 -0.110023580 -0.181643441 -0.000147756 0.999990582 -0.004335088 -0.010151965 0.110023975 0.004325026 0.993919551 1.074420810
0.991247237 -0.000814284 -0.132016018 -0.228965208 0.000197526 0.999989033 -0.004684873 -0.014161655 0.132018372 0.004617791 0.991236508 1.240879774
0.987770617 0.002879035 -0.155887350 -0.279233992 -0.003887354 0.999973476 -0.006163782 -0.016382698 0.155865461 0.006694392 0.987755597 1.393611073
0.983376145 0.006927295 -0.181448117 -0.342565894 -0.008476123 0.999933958 -0.007761886 -0.019487407 0.181382373 0.009170830 0.983369887 1.568493485
0.978003621 0.010039208 -0.208346248 -0.417200297 -0.012098558 0.999889731 -0.008612263 -0.025953332 0.208236814 0.010943513 0.978017211 1.750210285
0.971311867 0.010588310 -0.237573326 -0.497944951 -0.013086156 0.999874413 -0.008939382 -0.025490383 0.237448841 0.011791850 0.971328497 1.937445164
0.963256955 0.012643810 -0.268283844 -0.582928360 -0.015454269 0.999845564 -0.008366414 -0.029863335 0.268136621 0.012205137 0.963303566 2.127560377
0.953767180 0.014281005 -0.300206989 -0.674906194 -0.017306445 0.999822676 -0.007421039 -0.032150481 0.300047785 0.012273459 0.953845203 2.311716557
0.942607105 0.016786026 -0.333481759 -0.768568337 -0.019981820 0.999781370 -0.006155208 -0.037428856 0.333305538 0.012465515 0.942736447 2.483566999
0.930070341 0.018899638 -0.366895050 -0.876340747 -0.022474103 0.999732435 -0.005472725 -0.041224211 0.366693437 0.013335655 0.930246234 2.668176413
0.916170537 0.021558240 -0.400208414 -0.993375242 -0.025779450 0.999654293 -0.005166272 -0.037792347 0.399958700 0.015050339 0.916409612 2.847695112
0.900105178 0.021994146 -0.435117126 -1.116539478 -0.026596287 0.999636173 -0.004489165 -0.037536673 0.434860110 0.015613220 0.900362670 3.034614801
0.881660879 0.017464342 -0.471560240 -1.250295639 -0.022558171 0.999732256 -0.005150969 -0.036401808 0.471344024 0.015178944 0.881818831 3.227472782
0.860550880 0.013511818 -0.509185195 -1.376249194 -0.018624919 0.999814332 -0.004945907 -0.048464157 0.509023786 0.013739738 0.860642791 3.384343147
0.835502028 0.015050082 -0.549281240 -1.537055254 -0.019125085 0.999815643 -0.001696290 -0.051793493 0.549154460 0.011922304 0.835635841 3.566342354
0.806377530 0.020487092 -0.591046154 -1.724312067 -0.023705158 0.999716341 0.002311112 -0.058249533 0.590925813 0.012147212 0.806634426 3.743436813
0.773732066 0.023164049 -0.633089423 -1.921432853 -0.026651209 0.999636769 0.004003764 -0.058166135 0.632952213 0.013774755 0.774068356 3.916404724
0.737776518 0.023364371 -0.674640596 -2.129029274 -0.026577292 0.999631345 0.005555039 -0.068524718 0.674521625 0.013831743 0.738125443 4.074200630
0.697709024 0.018994527 -0.716129422 -2.347728729 -0.020571150 0.999767423 0.006475689 -0.064627528 0.716085851 0.010213459 0.697937489 4.246931076
0.654930592 0.015293777 -0.755534291 -2.590220451 -0.015379932 0.999857843 0.006907451 -0.061110068 0.755532563 0.007096164 0.655072689 4.410816669
0.610538721 0.014624000 -0.791851342 -2.847193003 -0.012279524 0.999884129 0.008998127 -0.061235927 0.791891217 0.004229853 0.610647559 4.550745010
0.562199414 0.015331782 -0.826859653 -3.127682686 -0.009894434 0.999881268 0.011812546 -0.058995627 0.826942623 0.001540300 0.562284350 4.691948891
0.511461616 0.015856560 -0.859159887 -3.424144745 -0.008230854 0.999874294 0.013553707 -0.053310819 0.859266758 0.000139416 0.511527836 4.810758591
0.459162414 0.017186828 -0.888186097 -3.727866650 -0.008207266 0.999852240 0.015104741 -0.043645803 0.888314426 0.000354049 0.459235668 4.909564972
0.404721439 0.019459212 -0.914233029 -4.059721947 -0.007189870 0.999810398 0.018097823 -0.039799824 0.914411843 -0.000751362 0.404784620 5.002089500
0.348996580 0.021309542 -0.936881781 -4.415910244 -0.007028850 0.999772847 0.020121705 -0.031559065 0.937097728 -0.000437207 0.349067092 5.089654922
0.293305635 0.024546295 -0.955703616 -4.794929504 -0.004142373 0.999693573 0.024404841 -0.028194495 0.956009805 -0.003199198 0.293317437 5.170608521
0.239917159 0.026113464 -0.970442057 -5.148320198 0.000927925 0.999631524 0.027128324 -0.030857399 0.970792890 -0.007409046 0.239804506 5.223770142
0.188998282 0.026613973 -0.981616795 -5.542473316 0.003314987 0.999609649 0.027740067 -0.026496731 0.981971920 -0.008496874 0.188836277 5.260427475
0.141104877 0.027622087 -0.989609301 -5.963073730 0.001530441 0.999603391 0.028119266 -0.020036280 0.989993513 -0.005482308 0.141006649 5.286490440
0.099022925 0.027861876 -0.994695008 -6.388267994 -0.000743307 0.999609709 0.027925543 -0.007732078 0.995084882 -0.002025903 0.099004984 5.284907818
0.061179698 0.026293838 -0.997780502 -6.828774452 -0.001444306 0.999654233 0.026254660 0.002512872 0.998125851 -0.000165157 0.061196566 5.280007839
0.026744008 0.023645744 -0.999362767 -7.288959503 -0.000859471 0.999720395 0.023631208 0.009322003 0.999642074 0.000226927 0.026756823 5.264780998
-0.004567385 0.020947181 -0.999770224 -7.765226364 -0.000097804 0.999780536 0.020947846 0.013917267 0.999989629 0.000193457 -0.004564404 5.238346100
-0.031397462 0.019104091 -0.999324441 -8.261942863 -0.000380238 0.999817014 0.019125454 0.023446463 0.999506950 0.000980470 -0.031384468 5.205107689
-0.052099824 0.016529387 -0.998505235 -8.771065712 -0.001527534 0.999860525 0.016631529 0.035212606 0.998640895 0.002391749 -0.052067399 5.157770157
-0.068235397 0.015736504 -0.997545302 -9.289184570 -0.000972988 0.999874055 0.015839798 0.043867163 0.997668982 0.002051432 -0.068211555 5.107494354
-0.081429601 0.015968584 -0.996551156 -9.830061913 0.000463235 0.999872148 0.015983947 0.059257708 0.996678948 0.000839928 -0.081426620 5.053645134
-0.090948582 0.017127488 -0.995708406 -10.384613037 -0.000040245 0.999852002 0.017202443 0.064961828 0.995855689 0.001604608 -0.090934396 4.991476059
-0.097944260 0.018424822 -0.995021462 -10.952579498 -0.001982178 0.999823034 0.018708849 0.064315423 0.995190084 0.003804731 -0.097890377 4.928705215
-0.102392316 0.019493241 -0.994553089 -11.548307419 -0.002467240 0.999799907 0.019850088 0.068672642 0.994741023 0.004486297 -0.102323771 4.862724304
-0.103720784 0.020186990 -0.994401634 -12.154481888 -0.000647784 0.999792397 0.020363996 0.078447767 0.994606256 0.002756326 -0.103686094 4.795736313
-0.102705836 0.022314014 -0.994461596 -12.774058342 0.001647420 0.999750793 0.022262556 0.088312447 0.994710565 0.000648195 -0.102717042 4.731985092
-0.100987315 0.024723813 -0.994580626 -13.399980545 0.000730613 0.999692738 0.024776710 0.092287794 0.994887590 0.001775476 -0.100974321 4.661435127
-0.099350333 0.024737658 -0.994744956 -14.065961838 -0.000999259 0.999687970 0.024960384 0.100099266 0.995052040 0.003473830 -0.099294543 4.593070984
-0.097861648 0.022268381 -0.994950950 -14.731246948 -0.002699968 0.999740005 0.022641134 0.109763473 0.995196462 0.004902033 -0.097776175 4.525563240
-0.096419215 0.022214241 -0.995093107 -15.408828735 -0.002882557 0.999740481 0.022597296 0.122230113 0.995336831 0.005047220 -0.096330166 4.455415726
-0.094497323 0.024848608 -0.995214999 -16.112548828 -0.003172674 0.999675870 0.025261240 0.133414984 0.995520115 0.005544611 -0.094387770 4.379138947
-0.092874885 0.028440429 -0.995271564 -16.824739456 -0.004655343 0.999568641 0.028997639 0.139105037 0.995666981 0.007326481 -0.092702389 4.318588257
-0.091224313 0.030322023 -0.995368600 -17.556768417 -0.004841172 0.999511003 0.030891899 0.151581228 0.995818615 0.007636841 -0.091032863 4.249763489
-0.089483261 0.029801421 -0.995542407 -18.296733856 -0.006337114 0.999514997 0.030489946 0.164238662 0.995968163 0.009037206 -0.089251041 4.177959442
-0.087661028 0.026391044 -0.995800793 -19.039796829 -0.009556786 0.999580741 0.027332511 0.180653676 0.996104598 0.011912648 -0.087372065 4.102895737
-0.086096764 0.025827693 -0.995952010 -19.817893982 -0.009902389 0.999592364 0.026778124 0.196683094 0.996237636 0.012167810 -0.085805893 4.033418655
-0.084554791 0.028324027 -0.996016204 -20.610050201 -0.007467934 0.999549806 0.029058488 0.210844412 0.996390879 0.009895219 -0.084305167 3.964628220
-0.083593726 0.030443570 -0.996034980 -21.402624130 -0.005487836 0.999504030 0.031010179 0.224130660 0.996484995 0.008058325 -0.083385229 3.900066376
-0.082260370 0.032197740 -0.996090829 -22.204505920 -0.004721461 0.999454200 0.032696377 0.235504270 0.996599853 0.007392616 -0.082063437 3.830257416
-0.081717968 0.027557554 -0.996274471 -23.010667801 -0.004441933 0.999597669 0.028013818 0.247112423 0.996645629 0.006714616 -0.081562638 3.757417679
-0.081377506 0.020558322 -0.996471524 -23.811634064 -0.003565347 0.999774873 0.020917643 0.256004155 0.996677220 0.005254987 -0.081285834 3.691837311
-0.081461787 0.016218636 -0.996544600 -24.634357452 0.000454577 0.999868095 0.016235568 0.263501406 0.996676505 0.000869572 -0.081458449 3.626714706
-0.081851006 0.016901679 -0.996501267 -25.456872940 0.001532091 0.999857128 0.016832756 0.276392788 0.996643424 -0.000148953 -0.081865191 3.555936813
-0.081611395 0.024596764 -0.996360660 -26.292762756 0.001156621 0.999697089 0.024584390 0.279792309 0.996663511 0.000853954 -0.081615090 3.477146149
-0.082183003 0.031629436 -0.996115327 -27.138969421 -0.000073346 0.999496043 0.031742837 0.292301685 0.996617377 0.002681780 -0.082139254 3.407583237
-0.082433701 0.036833312 -0.995915830 -27.979061127 -0.002313656 0.999307036 0.037150245 0.304678679 0.996594012 0.005366632 -0.082291365 3.326816559
-0.082791805 0.037409279 -0.995864451 -28.823633194 -0.003661303 0.999277055 0.037841853 0.312078327 0.996560097 0.006779155 -0.082594991 3.250373840
-0.083365083 0.033794742 -0.995945930 -29.656023026 -0.003393342 0.999409378 0.034196302 0.327801079 0.996513307 0.006230359 -0.083201170 3.185792923
-0.083749056 0.030790370 -0.996011138 -30.494585037 -0.003704543 0.999505997 0.031209905 0.347948790 0.996480048 0.006303563 -0.083593607 3.110412598
-0.083890200 0.032099996 -0.995957792 -31.326129913 -0.004807598 0.999456346 0.032617699 0.360967785 0.996463358 0.007524470 -0.083690286 3.037731171
-0.083698511 0.034842748 -0.995881796 -32.162082672 -0.006443534 0.999348700 0.035505589 0.365226001 0.996470332 0.009388762 -0.083419442 2.958541870
-0.083774209 0.033138830 -0.995933652 -32.998126984 -0.006737749 0.999405205 0.033821099 0.381659269 0.996462047 0.009543683 -0.083501101 2.885978699
-0.083506703 0.027964139 -0.996114850 -33.821243286 -0.007259719 0.999562562 0.028669531 0.396029711 0.996480823 0.009625612 -0.083267212 2.814388275
-0.083234668 0.023981979 -0.996241391 -34.650615692 -0.008894690 0.999652684 0.024807237 0.400472194 0.996490300 0.010926079 -0.082992435 2.738567352
-0.082756758 0.024720948 -0.996263206 -35.489505768 -0.008514805 0.999638259 0.025511999 0.409954071 0.996533513 0.010594275 -0.082516313 2.663768768
-0.081974387 0.027128421 -0.996265233 -36.328918457 -0.007501224 0.999584377 0.027836015 0.416608125 0.996606290 0.009755046 -0.081736803 2.582801819
-0.081478834 0.032372393 -0.996149421 -37.164993286 -0.006723990 0.999431789 0.033029046 0.424919158 0.996652603 0.009389259 -0.081214905 2.510181427
-0.080934525 0.037683237 -0.996006966 -38.011810303 -0.006328699 0.999245465 0.038320031 0.443410754 0.996699452 0.009404833 -0.080634952 2.446208954
-0.081056118 0.040952679 -0.995867968 -38.853141785 -0.006654218 0.999111056 0.041627649 0.458490551 0.996687412 0.010000892 -0.080711484 2.369159698
-0.080485106 0.040646661 -0.995926797 -39.685207367 -0.006016815 0.999130189 0.041263647 0.482024550 0.996737719 0.009313411 -0.080170512 2.290985107
-0.080394864 0.036487207 -0.996095181 -40.508029938 -0.006488119 0.999289453 0.037127875 0.495546401 0.996742129 0.009447669 -0.080101013 2.218093872
-0.079957008 0.032195359 -0.996278346 -41.337341309 -0.007826604 0.999427199 0.032925244 0.508644938 0.996767640 0.010430074 -0.079659224 2.144512177
-0.079830050 0.029528858 -0.996371090 -42.172988892 -0.010957782 0.999474764 0.030498786 0.521309912 0.996748328 0.013352735 -0.079464555 2.071910858
-0.080221534 0.027775113 -0.996390164 -43.001274109 -0.014008985 0.999481559 0.028989183 0.535552740 0.996678770 0.016283965 -0.079790831 1.990852356
-0.081231117 0.025583111 -0.996366978 -43.831409454 -0.011909415 0.999574244 0.026636405 0.545228660 0.996624231 0.014029850 -0.080891848 1.928848267
-0.082197309 0.021970753 -0.996373951 -44.653640747 -0.008420398 0.999705970 0.022738880 0.552971244 0.996580541 0.010258937 -0.081988096 1.855789185
-0.082850695 0.020887235 -0.996343076 -45.463104248 -0.004138350 0.999764502 0.021303086 0.557071209 0.996553361 0.005888192 -0.082744718 1.781166077
-0.084654927 0.024049899 -0.996120155 -46.288856506 -0.004177065 0.999691308 0.024491107 0.566447020 0.996401668 0.006234147 -0.084528327 1.710258484
-0.086553216 0.030455610 -0.995781660 -47.114459991 -0.001793311 0.999526262 0.030726012 0.569783628 0.996245682 0.004445180 -0.086457610 1.652408600
-0.088016987 0.034200061 -0.995531738 -47.930717468 0.000011740 0.999410450 0.034332272 0.578920543 0.996119022 0.003010134 -0.087965488 1.571559906
-0.089694023 0.033348899 -0.995410919 -48.734992981 -0.000225395 0.999438524 0.033504147 0.586359978 0.995969355 0.003229480 -0.089636087 1.499359131
-0.091305256 0.029180564 -0.995395422 -49.536468506 -0.003203647 0.999556780 0.029596422 0.600100517 0.995817900 0.005891200 -0.091171265 1.422409058
-0.092005610 0.025838017 -0.995423198 -50.334827423 -0.008493125 0.999606550 0.026731612 0.601884604 0.995722294 0.010913713 -0.091750026 1.326320648
-0.093583941 0.024432920 -0.995311558 -51.129470825 -0.012222418 0.999595284 0.025687285 0.611875415 0.995536387 0.014569028 -0.093247414 1.247989655
-0.094582796 0.025649050 -0.995186508 -51.925964355 -0.013893772 0.999536693 0.027081633 0.616851628 0.995420039 0.016388351 -0.094182611 1.164020538
-0.095472097 0.027209537 -0.995060205 -52.712135315 -0.013804649 0.999494016 0.028655281 0.624125242 0.995336413 0.016472237 -0.095048189 1.084644318
-0.096401215 0.026672564 -0.994985282 -53.504917145 -0.015708877 0.999475598 0.028314926 0.630658925 0.995218754 0.018359687 -0.095931649 0.999355316
-0.096879363 0.026478726 -0.994943857 -54.283748627 -0.016467005 0.999466598 0.028202510 0.638443232 0.995159924 0.019115986 -0.096391678 0.915420532
-0.097438097 0.028280940 -0.994839728 -55.061759949 -0.014943972 0.999441922 0.029875435 0.649103284 0.995129406 0.017777860 -0.096961021 0.836833954
-0.097688317 0.031011112 -0.994733989 -55.834461212 -0.014322868 0.999367058 0.032562137 0.659521341 0.995114148 0.017428376 -0.097182274 0.759307861
-0.098040700 0.035466373 -0.994550169 -56.617851257 -0.014091803 0.999215066 0.037021868 0.670722783 0.995082617 0.017644657 -0.097463965 0.680297852
-0.098711014 0.037469853 -0.994410515 -57.376308441 -0.014054402 0.999138653 0.039043136 0.683719635 0.995016992 0.017829828 -0.098099351 0.602355957
-0.099394679 0.037581857 -0.994338274 -58.128139496 -0.013792370 0.999138474 0.039141979 0.693539143 0.994952679 0.017604774 -0.098790646 0.523567200
-0.099705935 0.035718847 -0.994375765 -58.877758026 -0.013274352 0.999218762 0.037223835 0.702560246 0.994928539 0.016911127 -0.099153876 0.449028015
-0.099728107 0.032151632 -0.994495273 -59.608695984 -0.013417061 0.999343514 0.033653840 0.712426186 0.994924366 0.016699431 -0.099231243 0.370101929
-0.099566936 0.029242588 -0.994601130 -60.326824188 -0.013485081 0.999436617 0.030734712 0.722366691 0.994939566 0.016472435 -0.099116564 0.295211792
-0.098268986 0.026888590 -0.994796693 -61.032222748 -0.014314939 0.999493301 0.028429611 0.731042206 0.995057046 0.017034197 -0.097834229 0.218444824
-0.096038818 0.026264912 -0.995031118 -61.725036621 -0.017140154 0.999459922 0.028036157 0.731118500 0.995230079 0.019747542 -0.095536709 0.149345398
-0.091762781 0.027237009 -0.995408297 -62.428981781 -0.016694555 0.999443293 0.028886423 0.739270031 0.995640934 0.019268598 -0.091256976 0.075347900
-0.086037636 0.028455634 -0.995885611 -63.095157623 -0.015791807 0.999427497 0.029921142 0.750491440 0.996166885 0.018301168 -0.085538983 0.019584656
-0.078889608 0.030284561 -0.996423423 -63.739318848 -0.015271144 0.999384463 0.031583618 0.751313269 0.996766567 0.017708138 -0.078378558 -0.027442932
-0.070153236 0.031603415 -0.997035503 -64.377731323 -0.016320692 0.999327898 0.032824431 0.754945993 0.997402728 0.018575048 -0.069590330 -0.073623657
-0.058241248 0.033337299 -0.997745872 -65.008766174 -0.018034179 0.999244034 0.034440063 0.766551375 0.998139739 0.019999353 -0.057595968 -0.116325378
-0.043607235 0.034986869 -0.998435974 -65.592147827 -0.021673424 0.999118268 0.035957377 0.763901949 0.998813689 0.023207529 -0.042810440 -0.133712769
-0.025138736 0.036114030 -0.999031484 -66.181739807 -0.023041150 0.999060869 0.036694881 0.774419546 0.999418437 0.023941293 -0.024283051 -0.144660950
-0.002766132 0.036923964 -0.999314249 -66.754913330 -0.024118280 0.999024928 0.036980033 0.782677650 0.999705315 0.024204034 -0.001872897 -0.141334534
0.022604406 0.037624378 -0.999036312 -67.294227600 -0.023442918 0.999036789 0.037093971 0.784993649 0.999469638 0.022581834 0.023464620 -0.111892700
0.051826000 0.036797602 -0.997977972 -67.826606750 -0.022254674 0.999115288 0.035683833 0.798784971 0.998408139 0.020360323 0.052599072 -0.062110901
0.086051464 0.036767360 -0.995612025 -68.324295044 -0.021158135 0.999160886 0.035069704 0.806731403 0.996066034 0.018047493 0.086757183 0.004539490
0.123366475 0.036573384 -0.991687179 -68.794387817 -0.020401012 0.999202907 0.034312669 0.818065405 0.992151618 0.015998378 0.124014318 0.089561462
0.164570570 0.037306238 -0.985659540 -69.207206726 -0.020381870 0.999199748 0.034415662 0.805493951 0.986154735 0.014425779 0.165199280 0.170581818
0.209860146 0.037823260 -0.976999640 -69.663322449 -0.019543475 0.999214113 0.034485318 0.816684127 0.977536201 0.011856871 0.210434437 0.294151306
0.258403480 0.036738180 -0.965338230 -70.095474243 -0.016327295 0.999299943 0.033660151 0.817512155 0.965899050 0.007063463 0.258822441 0.442287445
0.307915330 0.031634353 -0.950887740 -70.493072510 -0.008503323 0.999498665 0.030498017 0.816616356 0.951375842 -0.001305103 0.308029950 0.621780396
0.359537005 0.026675120 -0.932749450 -70.895301819 -0.003285863 0.999621332 0.027320979 0.814694643 0.933125019 -0.006758016 0.359488487 0.812808990
0.412072361 0.021232147 -0.910903811 -71.298439026 0.001448245 0.999711931 0.023957323 0.833579481 0.911150038 -0.011191365 0.411922932 1.035293579
0.462957025 0.021075333 -0.886130154 -71.662101746 0.001111492 0.999702692 0.024357192 0.835344374 0.886380076 -0.012261260 0.462795973 1.265560150
0.510975361 0.020127201 -0.859359682 -72.005424500 0.002112594 0.999693394 0.024670128 0.840806961 0.859592795 -0.014421306 0.510776162 1.513811111
0.556607962 0.015021086 -0.830639482 -72.356796265 0.010202812 0.999637544 0.024914065 0.854034662 0.830712616 -0.022342226 0.556252956 1.794870377
0.600377679 0.008732961 -0.799668968 -72.674621582 0.020475989 0.999444664 0.026287679 0.854119897 0.799454451 -0.032156549 0.599865437 2.099212646
0.642986894 0.003855547 -0.765867531 -72.992324829 0.021739634 0.999492526 0.023283260 0.856847584 0.765568614 -0.031620510 0.642576754 2.412410736
0.684135556 -0.001081915 -0.729354084 -73.285575867 0.019315550 0.999675035 0.016635122 0.858069181 0.729099095 -0.025468554 0.683934152 2.729925156
0.724169314 -0.006563273 -0.689590991 -73.540710449 0.014559066 0.999877334 0.005772639 0.850453079 0.689468503 -0.014220169 0.724176049 3.056692123
0.763604641 -0.009311851 -0.645617008 -73.816062927 0.009978572 0.999946773 -0.002620241 0.855523467 0.645607054 -0.004441507 0.763656855 3.423377991
0.800633311 -0.010199346 -0.599067926 -74.077095032 0.008465029 0.999947846 -0.005711255 0.856320441 0.599094927 -0.000498505 0.800677896 3.822994232
0.834830403 -0.011694843 -0.550382972 -74.332313538 0.008979774 0.999930620 -0.007626404 0.856651604 0.550433934 0.001424440 0.834877491 4.257979393
0.865532756 -0.009770759 -0.500757039 -74.561828613 0.005673023 0.999936819 -0.009705214 0.847232103 0.500820220 0.005559374 0.865533471 4.697481155
0.891526103 -0.008219965 -0.452894747 -74.771675110 0.005043062 0.999953508 -0.008221691 0.835223854 0.452941269 0.005045876 0.891526103 5.174219608
0.912722468 -0.002070744 -0.408574849 -74.967262268 -0.000968009 0.999973416 -0.007230530 0.823875546 0.408578932 0.006994972 0.912696183 5.671397209
0.930165410 0.002298048 -0.367133558 -75.153938293 -0.005900412 0.999944806 -0.008690129 0.815178871 0.367093354 0.010249496 0.930127621 6.186474323
0.943778515 0.007271188 -0.330498457 -75.338638306 -0.010353144 0.999917805 -0.007565797 0.809779525 0.330416292 0.010562135 0.943776190 6.718330383
0.953792870 0.007883605 -0.300361544 -75.496879578 -0.010098492 0.999932051 -0.005822317 0.799911618 0.300295234 0.008586482 0.953807652 7.281018257
0.961049676 0.006989702 -0.276287347 -75.646118164 -0.008504592 0.999954641 -0.004285214 0.789865077 0.276244879 0.006468014 0.961065531 7.867685795
0.966935873 0.007093899 -0.254921079 -75.798049927 -0.007953288 0.999965608 -0.002340583 0.783078074 0.254895717 0.004290654 0.966959059 8.470379829
0.971577108 0.009898972 -0.236516327 -75.955627441 -0.010160155 0.999948382 0.000114523 0.778423190 0.236505255 0.002291775 0.971627533 9.100813866
0.975141406 0.014692001 -0.221095994 -76.103096008 -0.014709093 0.999890566 0.001569222 0.774609983 0.221094862 0.001721907 0.975250781 9.736880302
0.977975249 0.018177111 -0.207928002 -76.233963013 -0.017914154 0.999834597 0.003147749 0.766618729 0.207950830 0.000646435 0.978139043 10.376601219
0.980677843 0.016405001 -0.194940701 -76.361846924 -0.016119869 0.999865413 0.003049102 0.759354949 0.194964498 0.000152232 0.980810285 11.043165207
0.983338237 0.017520960 -0.180938959 -76.490043640 -0.017351223 0.999846280 0.002520989 0.750090301 0.180955321 0.000660527 0.983491123 11.725949287
0.985892475 0.018198075 -0.166387528 -76.609504700 -0.017976491 0.999834359 0.002837802 0.748489439 0.166411608 0.000193296 0.986056328 12.435558319
0.988152862 0.019529495 -0.152225405 -76.719619751 -0.019295415 0.999809265 0.003014951 0.747484624 0.152255252 -0.000041980 0.988341212 13.146348953
0.990050197 0.019999508 -0.139286011 -76.823356628 -0.020149639 0.999796927 0.000332349 0.736234725 0.139264375 0.002477520 0.990252137 13.864785194
0.991515100 0.019947218 -0.128452122 -76.914436340 -0.020708840 0.999774992 -0.004596256 0.722329736 0.128331527 0.007217351 0.991705060 14.595688820
0.992712259 0.019660771 -0.118894093 -77.001434326 -0.021101577 0.999718249 -0.010871563 0.706107497 0.118646853 0.013301187 0.992847443 15.333198547
0.993630648 0.018534942 -0.111151077 -77.092964172 -0.019862518 0.999743879 -0.010848408 0.692745388 0.110921532 0.012987051 0.993744314 16.130790710
0.994387329 0.020610465 -0.103774190 -77.183654785 -0.021216620 0.999763668 -0.004740529 0.680155158 0.103651963 0.006915660 0.994589567 16.896310806
0.994791627 0.024943769 -0.098830454 -77.266494751 -0.024699634 0.999688089 0.003693190 0.661625862 0.098891750 -0.001232878 0.995097458 17.663583755
0.995169222 0.025431192 -0.094823636 -77.343917847 -0.024856370 0.999664843 0.007238446 0.653106928 0.094975933 -0.004846507 0.995467782 18.443191528
0.995540082 0.023901161 -0.091261365 -77.421195984 -0.023444531 0.999706686 0.006072440 0.644987941 0.091379732 -0.003905777 0.995808482 19.211555481
0.995833695 0.024331896 -0.087881595 -77.490203857 -0.023991158 0.999700010 0.004931543 0.634966314 0.087975226 -0.002802616 0.996118724 19.966745377
0.996110499 0.022742547 -0.085127249 -77.576950073 -0.022187300 0.999725997 0.007463094 0.625811636 0.085273653 -0.005545322 0.996342123 20.778837204
0.996404409 0.020406060 -0.082230181 -77.644508362 -0.019664038 0.999758363 0.009823597 0.620812058 0.082410775 -0.008171299 0.996564925 21.550607681
0.996681273 0.018537715 -0.079264067 -77.704757690 -0.017631924 0.999771178 0.012112218 0.604799688 0.079470456 -0.010674443 0.996780038 22.321063995
0.996903837 0.017661767 -0.076621026 -77.762496948 -0.017071234 0.999819338 0.008355390 0.597656906 0.076754756 -0.007021505 0.997025251 23.074703217
0.996977508 0.020444810 -0.074952208 -77.830200195 -0.020449279 0.999790668 0.000707881 0.591189325 0.074950993 0.000826977 0.997186899 23.826549530
0.997055888 0.021671683 -0.073552385 -77.886688232 -0.022218401 0.999731183 -0.006622886 0.574728966 0.073389083 0.008237604 0.997269392 24.579200745
0.997132123 0.022611823 -0.072223477 -77.947364807 -0.023452172 0.999666512 -0.010808541 0.561277807 0.071954995 0.012471340 0.997329891 25.340929031
0.997252345 0.024557685 -0.069890901 -78.011146545 -0.025272923 0.999636710 -0.009367711 0.542872310 0.069635458 0.011108318 0.997510672 26.103916168
0.997328579 0.027553212 -0.067649953 -78.069923401 -0.027963776 0.999595761 -0.005129343 0.524745166 0.067481279 0.007007388 0.997695923 26.867137909
0.997399986 0.030470630 -0.065305755 -78.126663208 -0.030532472 0.999533772 0.000051101 0.507938385 0.065276869 0.001942978 0.997865319 27.619714737
0.997639120 0.028306272 -0.062569499 -78.180084229 -0.028239192 0.999599278 0.001956335 0.494428635 0.062599808 -0.000184804 0.998038709 28.382806778
0.997802317 0.025431301 -0.061186060 -78.230895996 -0.025344029 0.999676347 0.002202099 0.478401780 0.061222259 -0.000646559 0.998123944 29.143716812
0.997926235 0.023463923 -0.059938531 -78.278984070 -0.023390120 0.999724567 0.001932743 0.468175471 0.059967369 -0.000526765 0.998200178 29.895130157
0.997972488 0.023166837 -0.059280682 -78.323654175 -0.023218922 0.999730408 -0.000189878 0.454943955 0.059260301 0.001565927 0.998241365 30.648302078
0.998046637 0.021296570 -0.058731440 -78.366218567 -0.021411009 0.999769866 -0.001319844 0.443205893 0.058689818 0.002574766 0.998272955 31.402204514
0.998119831 0.020244686 -0.057853177 -78.415489197 -0.020353036 0.999792039 -0.001284145 0.431476086 0.057815149 0.002459218 0.998324275 32.167858124
0.998098493 0.024031216 -0.056761980 -78.474182129 -0.024091195 0.999709725 -0.000372540 0.420409083 0.056736551 0.001739295 0.998387694 32.945915222
0.998105347 0.023711618 -0.056775350 -78.517921448 -0.023811547 0.999715865 -0.001084154 0.409909636 0.056733511 0.002434009 0.998386383 33.714076996
0.998013675 0.023037026 -0.058634315 -78.563774109 -0.023139585 0.999731660 -0.001070692 0.396519363 0.058593914 0.002425339 0.998278975 34.489402771
0.997961938 0.020956252 -0.060272492 -78.617507935 -0.021031305 0.999778628 -0.000611063 0.385116160 0.060246345 0.001877427 0.998181760 35.276599884
0.997756124 0.022097010 -0.063201241 -78.681632996 -0.022183644 0.999753714 -0.000669304 0.371665627 0.063170888 0.002069836 0.998000562 36.076488495
0.997458577 0.026783980 -0.066022404 -78.737861633 -0.026905073 0.999637544 -0.000945505 0.358166188 0.065973148 0.002719439 0.997817695 36.850345612
0.997284651 0.027330125 -0.068383716 -78.804832458 -0.027788466 0.999597251 -0.005760060 0.344058692 0.068198755 0.007644698 0.997642457 37.643497467
0.997074842 0.027976902 -0.071127005 -78.866943359 -0.028712526 0.999544084 -0.009340901 0.333202004 0.070833243 0.011355813 0.997423530 38.452251434
0.996954799 0.027501771 -0.072970711 -78.935966492 -0.028359128 0.999540091 -0.010739175 0.318900108 0.072641805 0.012775858 0.997276247 39.261821747
0.996800363 0.027907789 -0.074901260 -79.005645752 -0.028683750 0.999545217 -0.009303899 0.300733179 0.074607551 0.011422579 0.997147560 40.088294983
0.996626079 0.026283812 -0.077753566 -79.063941956 -0.027047245 0.999595582 -0.008781691 0.284127384 0.077491306 0.010855082 0.996933937 40.917182922
0.996513665 0.025816809 -0.079334512 -79.136779785 -0.026423607 0.999629021 -0.006608160 0.263790131 0.079134479 0.008681426 0.996826172 41.756782532
0.996450841 0.025788832 -0.080129221 -79.215797424 -0.026133481 0.999653161 -0.003255249 0.255022228 0.080017477 0.005337751 0.996779144 42.613834381
0.996392190 0.025346817 -0.080994889 -79.287330627 -0.025291929 0.999678671 0.001703710 0.242654219 0.081012048 0.000350953 0.996713042 43.466819763
0.996459782 0.025249826 -0.080189697 -79.362907410 -0.025018265 0.999679446 0.003891209 0.230763018 0.080262244 -0.001871227 0.996772051 44.322879791
0.996537983 0.028209010 -0.078206412 -79.438476562 -0.027991999 0.999600649 0.003869932 0.218304068 0.078284346 -0.001667381 0.996929705 45.177532196
0.996700406 0.028222414 -0.076104000 -79.509544373 -0.028111193 0.999601603 0.002532484 0.210605189 0.076145157 -0.000384754 0.997096658 46.033298492
0.996896982 0.025450088 -0.074489906 -79.580886841 -0.025508944 0.999674559 0.000161312 0.200932682 0.074469775 0.001739347 0.997221768 46.898792267
0.997082591 0.022044573 -0.073077984 -79.636650085 -0.022196867 0.999752820 -0.001272402 0.185292512 0.073031873 0.002890792 0.997325420 47.779251099
0.997271538 0.020677952 -0.070864990 -79.705459595 -0.020876072 0.999779940 -0.002056176 0.180444330 0.070806876 0.003529949 0.997483790 48.652103424
0.997373998 0.018364917 -0.070055947 -79.768325806 -0.018353162 0.999831259 0.000811493 0.163126737 0.070059024 0.000476386 0.997542739 49.531009674
0.997446179 0.015472457 -0.069726221 -79.823715210 -0.015284109 0.999877989 0.003233971 0.151708454 0.069767751 -0.002160009 0.997560918 50.415573120
0.997499943 0.015769999 -0.068884954 -79.885658264 -0.015576859 0.999873102 0.003340105 0.139427260 0.068928882 -0.002258743 0.997619033 51.312587738
0.997566521 0.017270779 -0.067548141 -79.951728821 -0.017297929 0.999850392 0.000182962 0.124185681 0.067541197 0.000985926 0.997716010 52.179855347
0.997574508 0.019938288 -0.066689938 -80.025611877 -0.020362450 0.999776483 -0.005686469 0.108915150 0.066561654 0.007030647 0.997757554 53.041976929
0.997586489 0.021156834 -0.066133238 -80.085258484 -0.021940351 0.999697149 -0.011143715 0.089456439 0.065877445 0.012567806 0.997748554 53.913513184
0.997534513 0.026168177 -0.065116480 -80.158821106 -0.027294340 0.999491811 -0.016465373 0.057655044 0.064652525 0.018202091 0.997741818 54.776721954
0.997612894 0.026761975 -0.063657664 -80.227401733 -0.027935222 0.999454558 -0.017612336 0.033684403 0.063151605 0.019348584 0.997816384 55.622344971
0.997683525 0.022970473 -0.064030446 -80.269134521 -0.023763504 0.999649704 -0.011651153 0.014821023 0.063740380 0.013145751 0.997879922 56.485794067
0.997653246 0.022824828 -0.064552650 -80.330223083 -0.023041382 0.999731123 -0.002612138 -0.007367626 0.064475663 0.004093390 0.997910857 57.346855164
0.997602761 0.021529006 -0.065766767 -80.390884399 -0.021221766 0.999760389 0.005366776 -0.029994059 0.065866552 -0.003958223 0.997820616 58.202159882
0.997510731 0.018589215 -0.068020150 -80.451095581 -0.018456018 0.999826312 0.002586163 -0.036445510 0.068056412 -0.001324344 0.997680604 59.037567139
0.997430921 0.014306147 -0.070192128 -80.499298096 -0.014416134 0.999895513 -0.001060595 -0.049895067 0.070169628 0.002069769 0.997532904 59.868049622
0.997290134 0.012318192 -0.072530694 -80.569633484 -0.012486865 0.999920309 -0.001872538 -0.074201465 0.072501846 0.002773145 0.997364402 60.702644348
0.997034729 0.015391855 -0.075398058 -80.639991760 -0.015775440 0.999865472 -0.004494516 -0.087833583 0.075318739 0.005670626 0.997143388 61.518218994
0.996750593 0.016923049 -0.078751832 -80.715255737 -0.017599521 0.999813855 -0.007903747 -0.106439494 0.078603417 0.009264059 0.996862948 62.343566895
0.996440947 0.017824553 -0.082387626 -80.795944214 -0.018784972 0.999764144 -0.010896863 -0.129359528 0.082173958 0.012405730 0.996540785 63.161071777
0.996134877 0.020012442 -0.085526459 -80.874588013 -0.021368854 0.999659538 -0.014973505 -0.153796867 0.085197687 0.016743233 0.996223390 63.971588135
0.995744586 0.024182677 -0.088926435 -80.956451416 -0.025615022 0.999559343 -0.015001155 -0.178145066 0.088524483 0.017215172 0.995925248 64.767791748
0.995335758 0.027879283 -0.092355341 -81.043457031 -0.029218521 0.999486148 -0.013180414 -0.198916927 0.091940425 0.015817424 0.995638847 65.572418213
0.994898081 0.030715656 -0.096095346 -81.132568359 -0.031573053 0.999473929 -0.007414228 -0.220026940 0.095817059 0.010410425 0.995344520 66.380531311
0.994485557 0.030934457 -0.100207679 -81.218513489 -0.031253118 0.999510229 -0.001611352 -0.243309528 0.100108750 0.004734269 0.994965255 67.186531067
0.993986607 0.030771894 -0.105089232 -81.309951782 -0.030708639 0.999525905 0.002220310 -0.259654552 0.105107732 0.001020189 0.994460344 67.981430054
0.993302107 0.030130610 -0.111548789 -81.405220032 -0.029931961 0.999545991 0.003455449 -0.273519635 0.111602254 -0.000093431 0.993752956 68.770248413
0.992696464 0.027582020 -0.117443532 -81.497978210 -0.026920035 0.999611497 0.007219479 -0.283950567 0.117597036 -0.004005167 0.993053317 69.570198059
0.991890311 0.028472973 -0.123866610 -81.603218079 -0.027855700 0.999589443 0.006712739 -0.293583155 0.124006882 -0.003207910 0.992276192 70.347015381
0.990974605 0.033070568 -0.129906476 -81.719993591 -0.032574583 0.999451637 0.005941578 -0.305049300 0.130031735 -0.001656304 0.991508424 71.117027283
0.990124226 0.033995155 -0.136008769 -81.832756042 -0.033964895 0.999419808 0.002543706 -0.316726208 0.136016324 0.002100938 0.990704358 71.884117126
0.989280462 0.033715494 -0.142082646 -81.945716858 -0.034126267 0.999417424 -0.000454648 -0.325222909 0.141984537 0.005298525 0.989854693 72.633224487
0.988455117 0.035098985 -0.147392541 -82.068466187 -0.035686307 0.999362111 -0.001341428 -0.340813339 0.147251442 0.006585836 0.989077151 73.398719788
0.987640917 0.036874946 -0.152334109 -82.190605164 -0.036793277 0.999317288 0.003355955 -0.345206857 0.152353853 0.002290393 0.988323331 74.165649414
0.986746192 0.037845735 -0.157796204 -82.331451416 -0.037137147 0.999282479 0.007437696 -0.353590101 0.157964468 -0.001479017 0.987443686 74.936180115
0.985774934 0.037219290 -0.163897693 -82.463157654 -0.036082339 0.999299705 0.009909589 -0.368985057 0.164151728 -0.003854813 0.986427546 75.690414429
0.984636307 0.034671910 -0.171140745 -82.600532532 -0.034155969 0.999398768 0.005959174 -0.373943210 0.171244472 -0.000022141 0.985228539 76.442855835
0.983218789 0.032018542 -0.179598451 -82.743293762 -0.032760091 0.999462545 -0.001163727 -0.380194724 0.179464653 0.007027859 0.983739316 77.180404663
0.981524169 0.030152148 -0.188947439 -82.883346558 -0.031215690 0.999509156 -0.002654744 -0.396632791 0.188774645 0.008503820 0.981983602 77.916679382
0.979466200 0.029533075 -0.199433595 -83.043861389 -0.030061185 0.999548018 0.000380130 -0.408728898 0.199354678 0.005622885 0.979911268 78.656555176
0.977191687 0.029808918 -0.210256621 -83.213806152 -0.029102316 0.999555588 0.006454636 -0.414723307 0.210355595 -0.000188463 0.977624953 79.396614075
0.974480391 0.031338319 -0.222274318 -83.392997742 -0.028957535 0.999483109 0.013962801 -0.417635649 0.222597003 -0.007169959 0.974884152 80.127632141
0.971850336 0.032499887 -0.233346760 -83.571708679 -0.029156614 0.999417007 0.017763589 -0.426800281 0.233788043 -0.010459947 0.972231328 80.854957581
0.968882859 0.035439286 -0.244969413 -83.767349243 -0.033206295 0.999360800 0.013240927 -0.433284521 0.245282069 -0.004694381 0.969440401 81.566711426
0.965782285 0.035412818 -0.256925046 -83.972656250 -0.035488848 0.999360621 0.004342410 -0.439631373 0.256914556 0.004924151 0.966421604 82.275787354
0.962665141 0.032688789 -0.268714041 -84.190063477 -0.034096636 0.999418378 -0.000572595 -0.440698624 0.268539041 0.009713462 0.963219821 82.973922729
0.959177792 0.031477123 -0.281046510 -84.398162842 -0.031465568 0.999494433 0.004554892 -0.447055787 0.281047791 0.004474335 0.959683359 83.697776794
0.955777764 0.032683220 -0.292268068 -84.627922058 -0.030519607 0.999462605 0.011960573 -0.453765005 0.292501897 -0.002511745 0.956261635 84.417175293
0.952162921 0.032798409 -0.303825647 -84.872100830 -0.028998340 0.999434710 0.017012138 -0.456079721 0.304211855 -0.007387890 0.952575743 85.134010315
0.948071778 0.030287847 -0.316611052 -85.116783142 -0.026753766 0.999521792 0.015504426 -0.459524900 0.316929251 -0.006228771 0.948428750 85.839851379
0.944278419 0.028268849 -0.327931583 -85.367721558 -0.025954939 0.999597728 0.011431622 -0.465406179 0.328122824 -0.002283191 0.944632292 86.534782410
0.941082537 0.024661025 -0.337276608 -85.612434387 -0.024520691 0.999688387 0.004676715 -0.475504458 0.337286830 0.003869080 0.941393971 87.220001221
0.938340962 0.020609802 -0.345096380 -85.875717163 -0.022370923 0.999749124 -0.001121201 -0.480916262 0.344986707 0.008772193 0.938566566 87.922889709
0.935715377 0.020206483 -0.352176726 -86.151222229 -0.022831645 0.999733865 -0.003301796 -0.487445414 0.352016270 0.011130313 0.935927689 88.625946045
0.932703733 0.026000356 -0.359705001 -86.450904846 -0.029012281 0.999574602 -0.002976237 -0.503257751 0.359474599 0.013211809 0.933061361 89.330139160
0.929551840 0.026134470 -0.367763996 -86.719490051 -0.028334536 0.999598324 -0.000583111 -0.520204365 0.367601037 0.010962454 0.929919004 90.023506165
0.926568210 0.026639448 -0.375182271 -87.013854980 -0.026230810 0.999636710 0.006197349 -0.523176432 0.375211060 0.004099067 0.926930368 90.727134705
0.923635483 0.028733475 -0.382193565 -87.305732727 -0.025123896 0.999580145 0.014432714 -0.529464185 0.382447809 -0.003728377 0.923969567 91.437271118
0.920965493 0.039008815 -0.387686610 -87.625656128 -0.033360027 0.999216557 0.021292511 -0.537573338 0.388213485 -0.006676433 0.921545267 92.133659363
0.918366313 0.045526259 -0.393103838 -87.949966431 -0.041807901 0.998963118 0.018020894 -0.529982984 0.393516690 -0.000114934 0.919317484 92.830749512
0.915905058 0.042091690 -0.399181873 -88.258560181 -0.041263673 0.999091327 0.010671407 -0.530760765 0.399268329 0.006697714 0.916809678 93.523757935
0.913963139 0.034485523 -0.404329270 -88.563545227 -0.036304735 0.999335766 0.003169270 -0.531410336 0.404169977 0.011782469 0.914608002 94.218643188
0.912279665 0.034827653 -0.408084333 -88.882247925 -0.037164215 0.999306738 0.002203839 -0.532435119 0.407878190 0.013155616 0.912941575 94.908103943
0.910220206 0.041549984 -0.412034988 -89.224418640 -0.042030882 0.999085069 0.007898870 -0.546752334 0.411986202 0.010128482 0.911133766 95.600776672
0.907759309 0.043589458 -0.417220563 -89.562812805 -0.042390123 0.999027312 0.012144733 -0.549957991 0.417344123 0.006661534 0.908724129 96.320922852
0.905614197 0.039996587 -0.422212303 -89.891464233 -0.039306916 0.999173641 0.010342276 -0.560357809 0.422277063 0.007229748 0.906437993 97.016868591
0.903283417 0.038766518 -0.427289456 -90.231666565 -0.040812984 0.999157250 0.004372110 -0.571717501 0.427098840 0.013489702 0.904104292 97.705223083
0.900955319 0.035375126 -0.432467431 -90.557861328 -0.040456634 0.999178052 -0.002551803 -0.573308825 0.432021677 0.019795235 0.901645958 98.384414673
